0 1.0 1.0 1.0 1.0 1.0
1 0.9708206400716936 0.9622786489883768 1.005513356078014 0.9352714755896873 0.9912575655682583
2 0.9477203071294645 0.923504085883315 1.017780743579018 0.8710916072408119 0.9986550100874244
3 0.9571427989578845 0.9223551820686027 1.0312887237234158 0.7657707076247944 1.0013449899125757
4 0.9382978456961796 0.8943035584768854 1.05802892937165 0.7953922106417992 1.004034969737727
5 0.9288752930774898 0.8656773633033231 1.0494830579124856 0.7487657707076248 1.0188298587760594
6 0.897872316238765 0.8290090807757515 1.0468641469249835 0.7262753702687877 0.9993275050437121
7 0.8778114663944397 0.7832455753924052 1.0574775717100935 0.6818431157432803 1.0087424344317417
8 0.9158053850574235 0.8600287657260536 1.0314265872600996 0.7668678003291278 0.9986550100874244
9 0.911854047911608 0.8769746350495348 1.031150860186732 0.7240811848601206 1.012104909213181
10 0.9297871775205363 0.8726663917472396 1.0465885163367947 0.7070762479429512 1.0127774041694688
11 0.9273555667261054 0.888654884307943 1.0595451388196357 0.7295666483817883 1.0168123739071957
12 0.9246200045823706 0.8897080198097087 1.067677405885152 0.7553483269336259 0.9946200403496974
13 0.9130698837039585 0.8457635092129299 1.0924879217441246 0.7712561711464618 1.004034969737727
14 0.9683890292772627 0.9040689584701473 1.067677405885152 0.8058145913329676 1.0026899798251514
15 0.9756837704751506 0.9171853111685585 1.060785607410657 0.8211738891936369 1.016139878950908
16 0.9857142257924483 0.934035431327011 1.0551343877959591 0.8562808557323093 1.0100874243443174
17 1.0063829479402462 0.9426520040972333 1.0498965520373584 0.9445967635765222 1.0295897780766645
18 1.0145896343714509 0.9499282321664404 1.0376291645363542 0.9522765222161272 1.0208473436449228
19 1.0012157142118108 0.949545264228203 1.0453479374769976 0.9221063631376852 1.0147948890383323
20 0.9920971737326947 0.9389181696194783 1.0372156704114814 0.8842567745474491 1.016139878950908
21 0.997872340554873 0.9603638188711484 1.0294968836872413 0.9341744925946242 1.0060524546065905
22 1.0085105769902385 0.9640976533489034 1.0317022040646917 0.9445967635765222 1.0020174848688637
23 1.0085105769902385 0.9782671415490802 1.032667055851121 0.939111409764125 1.0
24 1.0319148612817712 1.0041168024159925 1.021640247209914 0.9901261108063631 0.9952925353059853
25 1.0012157142118108 0.9780757006627775 1.0351481033019392 0.9566648930334612 0.9932750504371217
26 1.0100303337367578 0.98066063132582 1.0337697711742342 0.9424026330224904 0.9979825151311366
27 1.0151975674651934 0.9822881852260849 1.0460371586752382 0.9626987931980252 0.9852051109616679
28 1.0340424903317635 0.998468204838723 1.0376291645363542 0.9758640153592979 1.0026899798251514
29 1.026443706599167 0.9841072661782844 1.0350102397652554 0.9248492046077894 1.0053799596503026
30 1.032826684934548 0.9805648725868322 1.0449344571357218 0.9594075699396598 1.0060524546065905
31 1.0525835530344345 1.0114887987981465 1.0430047535628635 1.002194185408667 1.0141223940820445
32 1.0544072003399878 1.0284346681216276 1.0603721132857844 0.9912232583653319 1.008069939475454
33 1.053495376687211 1.0305409486991177 1.0472777375350348 1.0394953922106418 1.0100874243443174
34 1.0577506651823303 1.0449976556725034 1.0390074966640594 1.0164564454196379 1.0047074646940148
35 1.0738601778808403 1.05342271096475 1.0481047257847804 0.9780581459133295 1.0020174848688637
36 1.0632218198649348 1.0498803939649706 1.048518219909653 0.986286341195831 0.9939475453934096
37 1.0340424903317635 1.0300622220218925 1.0621639533219591 0.9402083927591881 0.9885675857431069
38 1.026443706599167 1.0321685121733417 1.0722260204455125 0.9424026330224904 0.9858776059179557
39 1.0249239802477825 1.033317406414095 1.0640936431112207 0.9303345584201864 0.976462676529926
40 1.046808416607391 1.060220212356732 1.0572018446367257 0.9572134393856281 0.9865501008742434
41 1.0528874435934685 1.0663475366112265 1.0496209352327663 0.9890291278112999 0.976462676529926
42 1.0501518814497337 1.0611775891195094 1.0599586329445085 1.0082281404278661 0.9791526563550774
43 1.0762917278850013 1.0843466276021052 1.0643693701845882 1.0532090510148107 0.980497646267653
44 1.0875378974141094 1.08836767127911 1.0701584533359703 1.061985792649479 0.9872225958305313
45 1.0972643101966983 1.0922929562171266 1.0642315066479044 1.0866702687877126 0.9878950907868191
46 1.086929964320367 1.0843466276021052 1.0452101842090895 1.0784421283598464 0.9865501008742434
47 1.0948327601925374 1.0975586624478315 1.0566505972439448 1.0899616566099835 0.9858776059179557
48 1.100303914875142 1.1013882652385334 1.0505857732355985 1.0219417992320352 0.9905850706119705
49 1.1127659201966005 1.098611807523556 1.0611991015355298 1.0323642347778388 0.9946200403496974
50 1.1036473797174844 1.0978458716470811 1.0374913009996705 1.0773449808008777 0.9919300605245461
51 1.098480145989049 1.0922929562171266 1.0296346507387462 1.0850247394404826 0.9919300605245461
52 1.1103342486118997 1.1078027986922776 1.011026808641207 1.0329127811300054 0.9892400806993948
53 1.105471027023038 1.0987075662625438 1.0274293303612958 1.0575974218321447 0.9852051109616679
54 1.106686862815388 1.0955481406093293 1.0317022040646917 1.0586944048272078 0.980497646267653
55 1.0987841885237575 1.0815701698871278 1.0387318798594674 1.047723532638508 0.9798251513113653
56 1.0714285062961395 1.063762605948184 1.051137130897155 1.0575974218321447 0.9576328177538669
57 1.0708206035975316 1.059358594332942 1.0614748286088975 1.0422380691168402 0.9657027572293208
58 1.0875378974141094 1.0905697201695468 1.054031672472846 1.0669227098189797 0.9677202420981843
59 1.086626073761333 1.0974629037088437 1.0680909000100247 1.070213933077345 0.976462676529926