0.04275176911495321 -0.310156170690396 -0.9192271376162485 -0.17071413145871603 -0.5409989876879138 -0.12124550140827811 0.3816784170810087 0.6557175183365639 -2.0576175168070536
-0.36782393831980703 0.9287367934749294 -0.4912118905756209 0.09315386117366399 -0.022929654502844954 0.35726115918297663 -0.36221215854793276 -0.7191098950648254 0.9645715990898609
0.8075981547048336 -0.17013410296092246 0.12595177207579492 0.6635711080211721 0.17596514495649043 -0.33251144480848016 1.226496197878984 -0.6463283783668838 1.075243207731732
0.10465313967401618 0.4087514440906966 0.6443891029500092 0.012692524523608398 0.4522525776838791 0.11506754170982031 1.2263774183031626 1.0882947270968621 0.2859565501806424
-0.19533963418846448 -0.8032326033560607 -0.023383580077445714 0.20762362253064856 -1.041510214625604 -0.06067515907503705 0.595132029321635 0.4382257792072448 0.1375600211985541
0.7544844632768306 0.4305688253167675 0.5295193828672154 0.3224846238049804 0.952382097664452 0.7493819595643636 0.6083601813908575 0.26348966404768026 2.0330522419306227
0.25112945083691335 0.48228411451630365 0.13274646326851322 0.06853180444048323 -0.026304571614893368 0.09520700934746887 0.9118505473813676 0.07683722833774365 0.8250601755062998
1.3095132764590627 1.064929146476017 1.0133543948141253 1.4038804263012912 1.547881961883684 2.0886847460175266 2.7817937352103734 1.368821839859232 1.8858611543773636
-0.848527440772048 -0.7154188515339155 0.050722426644421365 -0.4180976591224835 -0.3421780219584314 -0.5569156339440493 0.1731933290533836 -0.07825429517017865 0.4067394215831096
-0.08857340936885405 -0.7059105178249587 -1.2332349682904824 -0.9920489457015401 -0.6916023134678785 -0.37904617260133805 -1.187231350060328 0.141986076881353 -1.567695319226397
-0.4700709244047294 -1.107149174708314 -0.9878422195242851 -0.2816209703124077 -0.5242122064825604 -0.24521018907594175 -0.26531872955067626 -0.16915061275651821 -2.3026381307880284
0.4043265159495143 0.06568743540139448 -0.61921951833575 -0.044959335867197525 -0.802433907568996 0.056455299856683114 -0.34040762333226404 0.06817388586501524 0.11118930489120493
0.2306261779890219 -0.30591786673943205 -0.86947676634411 -0.43716438470097296 1.1823089604287895 0.515942840286733 0.131503672328518 -1.83710218009709 -3.461376875276174
1.638109802546714 0.5724691569475695 -2.1558085989168165 0.29014095221748915 0.314433314022619 -0.011756958524656726 0.7487103885919733 0.36422754792428647 -2.4055085079244423
-0.48502856239374526 0.7920347196024932 0.23265681418533277 -0.3054104029923355 -1.6178960067784587 0.2630209913101872 -0.5541991817464891 0.6235076940076063 -1.6976001549487756
0.5732366564670606 -0.17805460970016682 -0.458654191166805 -1.026831125053663 -0.07247891319203766 -0.1810003863473424 0.07032901656725718 0.1115692381382172 -2.5295919329738243
0.235667724865466 0.0808448531961236 -0.09155406919608772 -0.5132847693425625 -0.8457821462739373 -0.1476646729540496 0.37371069244046723 0.04099125637143902 -0.18692860640444597
0.14733037119597575 0.05415930354304038 -0.20761040524446608 -0.2368355176881103 1.7166292789805002 -0.7145383665289007 0.6435797906886864 -0.27584617749269386 0.1548928495785728
0.4904235947446086 1.3315990037718015 0.31471564957656706 0.8226607426346718 0.4773191769299496 -0.39687675606049666 1.2711983675971799 0.7841420740068596 0.1048741380631852
-0.9259507856599013 -0.1068957944220043 -0.6020973435340956 -0.5915033140771806 -0.907570952718669 1.0943783712535904 0.772668789470107 0.9923930991971375 -1.5031662982173595
0.5982463633916644 -0.070956662123981 -1.8846213455227938 -0.3058305656128333 2.1080331757165855 -0.053849661647606906 0.06292018753042838 0.6344788544028315 -1.9331747720947061
0.3178198383697838 -0.24947063671114567 1.463082969461176 0.3809939595974156 -0.050556763099504964 0.31345060788866363 0.12652286331789273 0.053797600975294374 0.5481576657317824
1.4475691870425385 1.2226292367080538 1.6888968021196387 2.184415073699905 2.457571944775853 -0.37363007812749066 0.5061784340338372 2.2113516869895147 2.00823066896514
-0.07887884605302037 0.1473935701282761 0.3917838548407797 -0.25670573746086983 -0.19675261539307431 -4.610742685783155 0.22428377788957818 0.08082728547680673 0.37286580893083277
0.9216349925608233 0.14895429369104338 1.043897418916085 0.9977254166762011 0.2772007024632348 0.12084394977297906 -0.24517733038504635 0.10683920121077091 0.664778247521702
1.633947591689381 1.4839279297717607 0.7093081778830906 1.3285140864737246 2.686229678037403 0.5541417721697244 1.2099587108903886 0.25909021938051247 2.010072974107861
-0.18679187890473367 -0.883152328613222 -0.23615274633764494 -0.1602341366507454 0.22470141016137457 0.3976269687593227 -0.4862714995834063 -0.04754271154163424 -0.6591525223737364
-0.19456911624101247 0.8157479938808351 -0.7336800762347729 0.7039923913444336 -0.6108629730208953 0.37432388432321206 0.24847863402441922 0.2035114447575856 -2.078169758021766
-0.6587465817855196 -0.9797001666895531 0.1163518307030454 -0.6745283007372938 -1.54222175835562 -0.235892796583254 -1.3053747859316363 -0.4599319254994859 -0.2816089533647344
-0.46930849879131287 0.3079443108010523 -0.28111531594108724 0.05353417814972742 -0.8771248815965423 0.24630541871921388 -0.5376877799681693 -0.7146354129288718 0.711101593698721
0.4059630578392118 -0.1377823792607573 0.4783551859283322 0.5376555412440107 1.529248191005344 -0.2907895608059384 1.5553163445800189 0.0981634725438709 -0.4591755132702573
-0.14574293619954404 -0.48676698698645254 0.2781609756774564 0.6882095621997566 0.1156010768223343 0.8520248857508788 2.8602380695382528 -0.23262502298046467 -0.38706717925266576
3.4235928272229037 1.5228454776447997 -0.926319587176049 0.3301116713977042 0.3650583549130852 1.110385111465958 -0.7659832939086109 -1.039262932737641 -0.5368307265873253
1.410401980424077 1.8323119490389495 1.0854753534566273 -0.03687616904789263 -2.5889337829500505 1.313645637335674 -0.5564888672242596 0.159000424870269 0.4224491173379035
1.0729140224207554 1.0609228422511061 -0.8384821073349683 0.8363740737713753 2.0922567151376787 1.0090631114068485 5.08760520534826 0.5659134680135309 0.6435843148841314
0.03799168390275093 1.5336654179282354 -0.1304016585664084 0.7883939517326244 0.6812566939058137 0.2544873683462881 -1.5364844380425575 -2.0146560110896816 0.05097261300279278
-0.798363590952371 -0.7265294750377514 -0.1864669239303277 -0.24078286164503834 -3.0623613729862065 -0.25387667692657406 -1.4378390355003965 -1.2877758658773224 -0.45436148034569224
0.09635693079224678 -0.037723362688280325 -0.05202586060384914 1.0190053285453582 0.06131461496969622 -0.706631240936171 2.1135451613324134 -1.486270208337043 0.7603131127142153
1.021706521457195 -2.4177804949016335 -0.4704398433031834 -0.43643753188684703 1.4365294487339388 -0.8855108822729334 -0.6352670882497882 -0.2533996474439701 -0.4385701908652625
-0.8331376133405157 -0.2581270329545027 0.629726381304331 4.574724066254372 -0.22111329596702078 3.008907137384046 0.6895063448967822 1.0873333990412675 0.3341266137706511
-1.640987801967598 -0.7035083565135761 -0.6005163237354806 -1.6395753386105312 -2.732273040182122 -0.42051406307972006 -2.0646448944419276 0.46016538663044143 -0.5440816341065078
1.6723853074144033 0.5792969274124398 0.5538506488229967 1.6764959119717695 1.8147017818425104 1.0146038700901423 1.0571171545633455 0.6318097432050063 1.4084650141577548
0.5933774629321845 1.000656467894035 0.1603654455134557 0.31887747787340576 1.9513516555165173 0.14220116370613756 0.6480375150307024 0.27167991227479704 -0.33009935934310497
-0.3420246386950161 -0.7745607197694856 -0.12138032533331829 0.02052815766132195 0.16138718712414632 -1.0309421555296558 0.786988792011023 -1.3390916179618848 1.039698016904376
0.20689147488268972 1.0772430307243943 0.7985472243501913 -0.0020453059596552414 -0.3311169241039061 0.9171057640402247 2.4735774478587773 0.005144839923929008 2.582581965548293
-0.427038669573275 -1.4550161953244853 -0.5221379032827205 -0.13226067913056772 -0.41054988618933436 -0.5384591993781996 -1.1166332909554053 -0.3066783341495336 -0.6603796021226365
-0.6299959528190987 0.6473077360974999 -0.4405363753454532 -0.16405377593653245 -0.20106682102681883 0.615806612511373 -0.8769721633130035 0.5904280129437353 0.04056740894172106
-0.17603962989273242 -1.0015489034176002 0.17842147329018754 0.5119164032531572 1.1061883687360212 0.6578287135004918 -0.16150842571902577 0.8314705374224787 0.4255010722972996
0.9347190228765039 -0.587778630072077 0.6670174117289199 0.7125486599559965 0.45536060563507297 -1.7748391571121704 1.5640666751364698 -0.7089125592987481 0.6743695286032784
0.14529795023010078 1.1759286756422562 1.1590031940947279 1.2354455807156683 0.9946308010708321 0.7489542065895908 1.3157263572460594 1.5687943374372988 1.6690068329684582
0.909782843195387 -0.40265663286327374 0.8729308169275232 0.8768454713111801 0.19431071336454586 -0.8516744177243701 -0.04754612988516657 0.8634478101500406 0.3834198433063374
2.879680184321078 2.3246005807203 2.3454064911373624 3.432669728398927 5.276191657700433 2.017499635820666 4.459961090585 1.0907423357318378 2.2481876054586083
-1.7253088483444208 -2.145738880497384 -1.3268068800972526 -2.883661216253215 -4.347151654059664 -0.6595714084151492 -6.819768833144207 -0.1509554472680893 -1.8852592932789987
1.9730418588026626 -0.9989208468166115 -0.2802066302698619 1.135823538728537 0.5737636364600135 -0.7916945831495918 -0.1644881721810217 -0.6030390277334272 -1.342147184004765
0.07910862469807668 1.4615215390828051 1.2362644430389707 0.8627920519124492 0.8050602790962763 0.5646956605606783 1.070954790573248 1.4318977569698264 0.7905213053236196
-0.864844575407141 0.044471372611400474 0.28946225874847503 -0.3716818315452654 -0.19235913749667355 -0.8035296552047129 -0.36475223206822227 0.06605645304046807 -0.17183730210617532
1.1171380297188147 1.327236606762821 0.96737326626763 1.0406766152751354 1.3350436023946537 1.6996632068407374 -0.016206718612568782 1.1347973757068113 1.0108393717252189
5.557545204985865 3.733481186410124 4.859633014331146 4.611195096673115 6.346371139246471 2.6286087294048985 6.936563259192563 2.4112413368066523 4.1192725988164005
-3.4607062535525177 -3.263485668781103 -2.7301377799106246 -2.7920148884175475 -2.783720660942654 -3.6763508453965947 -3.3806676147008146 -2.8136155522754436 -2.619625915596811
-0.7382767276595203 -0.33025392713158214 -2.0486271537975878 -2.406736148096374 -1.2121108224464905 0.02597106824544103 -3.560370106589791 -8.69581998062946e-4 -2.5335105862308596
-2.8403714561994438 0.02996085763761101 -3.554993173897254 -2.8770079326627926 -0.9502589136512983 -0.8007875325221518 -2.3129564214035323 -2.2364339685833796 -4.082645534287195
-1.7174172566170092 -1.3073450512684028 -1.2311681490981865 -1.1190938943372866 -2.1183855044594426 -0.8291989047822093 -1.6942348370234452 0.03563653676318623 -1.9764679493796837
-2.582598661306223 -0.6174384497853149 -0.5623133421195228 0.704589863925165 0.8071237625278375 -0.16134594146328624 1.1744638928499 -0.5668094923936136 -1.4735273730935525
-1.6249262469926093 -2.0373147957610365 -1.9281791485989956 -2.8714757692569677 -1.8427116848542529 -3.025740202271643 -1.9460267473827073 -1.6718193749473103 -2.9114699873962477
-1.8193284033699162 -4.757161927462567 -2.1974587756230695 -0.6578840958246567 -0.68626981625934 -0.053704630054370886 -3.16221339485823 -0.850898314910222 -3.484335420439481
0.7698092567960356 0.904487857788471 0.24830005053652995 -0.2975260976949314 0.1118849741379393 1.5621328229642106 0.7166028591537144 0.6641883560120739 0.20617221536344246
-0.36543314796028953 0.6391704456908965 0.06532807422840889 0.6661590416918858 1.5748954615761035 -0.25918914071875226 0.36497661845675866 -1.3893611063322275 1.0249778959244087
0.3220266204079408 -0.1416819720880562 0.26778823548168473 -0.09909068831835527 -0.25508545760860324 0.7776033289571018 0.17873728659775595 0.21069459782173716 0.5298502934822781
-0.9465444979443611 0.6293984714065001 0.22024835693694864 0.27661228817023015 0.6871804238070879 0.46649422401375773 1.6507394154348562 0.9732612838130962 -0.510702107447609
-0.6594969485703827 -1.5969955596904644 -1.6876573412988864 -2.3788143459335083 -4.012993457533017 -0.8814958248900207 -3.783936280258169 -1.0156790258930526 -2.4402107866148537
-1.2218614665412977 -0.07730349860685683 0.2985953874588317 0.9186660527346873 -0.14841534924338093 -0.07313525969366702 -0.2487922457172062 0.10219488462405142 -0.23269275039520854
-2.5231915978410613 -1.0821342724647998 -2.9354068630361634 -2.904302689694473 -5.397103733129835 -0.11608770898716121 -3.7918854725466646 -0.14923615019681966 -3.0332165134255558
1.808968275186813 -0.3799612965628752 0.8491768020954025 1.0229733801282868 2.115006115752846 -1.3338578898687874 2.2881371732461346 -2.6072759527630804 1.4855365254461428
0.31614643845982726 1.3791236734802557 -0.2675368687806851 1.82583781991104 2.8727378254431404 2.359939824744059 0.04752726207837543 0.823178733727857 -0.15738595922788556
0.6892562775794334 0.6120759258386673 0.1710193405297219 -1.1599979681649637 -0.6960209682599988 -0.44413145305059976 -0.8025687101815886 -0.13250250456461443 0.4087922845954049
2.1801295481647474 1.7658153375557097 1.9395595106942836 1.8467431006399695 2.221677423812711 0.5007238892969261 3.7800183708323623 0.3855788592325826 2.4776032477878194
0.1454593404750284 1.3953515330787136 1.1038687200382575 -0.5820378093315745 0.10474216998197405 0.9357155685376244 0.20581190779251074 1.4518816585639094 2.051261478497076
1.5943300748578302 0.5076446437179384 0.5244253368501529 0.5918295071329539 2.0541174095451633 0.06547669514394566 2.3255779152638647 0.9905261429027983 1.4183583424907669
-3.022796133544136 0.033716098817194874 0.48780906101680205 0.4064287435322907 -1.0803722668838924 0.3686640478397554 -1.28930939370705 -0.6555955912356806 0.8635278917406122
1.0163013992465544 -1.339872860895886 0.33667041629240063 0.3622086812682475 0.5378469551882853 -1.032691733801157 0.6317051474223252 -0.521753451890185 -0.20043369475922873
-2.8101279767091585 -1.4647370943093847 -2.7943260308215976 -2.21577153596003 -2.2299694130990892 -1.7564093649086336 -3.779655120656739 -1.7628094234568925 -2.1551515774034957
0.31578826156754136 1.0376890543000477 -0.7737583904143346 -1.575418438600302 -2.3702077289296013 0.056372459572815004 -3.6761275016049697 0.10856187167261497 -1.2967103359433403
1.3945287952745518 1.1185658905141151 -0.7882249883505916 0.07455611552510137 0.8990181892004152 0.4269287829857843 1.0245354398480326 2.0540888366089005 1.3041637164123876
1.5322256560202692 0.6282072883113773 -0.3413322071824109 0.2805783691010475 2.3042815485168666 0.16169366455580647 2.334232427691668 0.03992812058527727 0.46847656572618135
-0.23065192409411917 -0.7985917720074106 -0.542330979685372 -0.06832810927583166 -0.14280135563208987 -0.08950128344543505 -2.1183710894914225 0.19513056154812003 -1.0353361792148272
-2.015121827586724 -0.6967732158072675 -0.21074740944751078 0.1166286366358628 0.6518261397835888 0.4051956797597253 -0.46682993223063207 -0.1486419097381904 -0.5127975940942809
-1.5299406214480187 -0.13937562795763977 -1.135552682042852 -2.5025805805782144 -2.0698748697630536 0.34821242045586687 -3.7507673112438518 -0.19987300576217965 -1.1059280858270242
0.05060717140295795 0.06215971983049185 0.7706261970667576 -0.47306456662126334 -2.1615584963361747 0.9293487020773952 -1.939473304060141 0.2871056596811158 -0.04839962745363277
-1.4195508336127238 0.14661080083790404 0.27464774705769784 0.36816519566392025 -0.9478999326536712 -0.002102855454358017 -0.26762696202699443 0.8714920995838091 0.9598908085214074
1.4626424287465654 2.391767534444014 0.9582055122724454 2.101663021129611 3.5640374008047027 0.14448325643532262 3.4844857969795098 0.8059840421738306 2.9166596491186794
0.19755875103492498 -0.2172623250620932 0.7624708718586918 0.9973870067880714 0.7037757529116583 0.601309925864054 0.6383427851424919 0.6430361927812029 0.8785813342469189
1.6456237789883226 1.2103042070566188 0.8761664222139967 1.6367152653987678 0.7150188497012148 1.4926033686229663 -0.7835850969754046 1.5417777141017588 0.4224457465886774
2.3944821457885044 -0.985460251868625 -0.26257380049590845 -0.4680636248344004 -0.7848448681445005 0.39504047200817066 -3.2032510536185086 1.0521004979805253 -0.3601318384287916
0.40633292102266905 0.4479030877856219 0.522707498795309 2.1766796161075006 4.570613455822881 0.3668951935044314 0.35100126459917574 -1.4818589969746065 0.0011119353588197045
0.9320555340196135 0.2906685802492997 -0.26584042259166 0.3728133102059181 1.2982689117085622 -0.02344006603764226 2.78798341172732 -1.382124287196285 1.2097897310854533
2.0038962578819914 1.1757379921445763 2.2414522359323263 -0.1751099443280805 3.1089052160012876 1.7974448729745085 0.19192600577037489 3.023123682696675 1.631825839097588
-1.4751995337831587 1.1312997554893138 0.5035551978761891 -1.7667602627363659 -0.4766344910024854 0.8041269954428207 -2.3923338114690633 0.8420326338987549 0.06549137475981848
-0.5204078010449702 -0.7734224232761777 -0.14827400509745678 -2.0243308330718732 0.29146716666694855 -1.2746274101187436 -1.4148045772428457 -1.377051002204298 -0.8232283021607325
1.0660352331288165 0.6981796829042123 2.006914868841843 0.8326367820377188 2.613165713010789 -0.49253373169033854 4.017055751055441 -1.437152912628617 2.582652622610487
-2.7968198937460347 -2.296017880736333 -3.1669862334234407 -3.3456086768160946 -4.637567922770272 1.7184460040049054 -4.388524259312689 0.23997030305055278 -3.5924999325770877