0 -0.029179359928306448 -0.037721351011623216 0.0055133560780140645 -0.06472852441031274 -0.008742434431741719
1 -0.02379464546666735 -0.04029452710586965 0.012200123873891336 -0.06862164625346885 0.007462686567164202
2 0.009942270686337367 -0.0012440700937597113 0.013271994218417904 -0.12090680100755664 0.0026936026936026716
3 -0.01968875833597958 -0.03041303842279589 0.02592892274792848 0.03868194842406863 0.0026863666890531448
4 -0.010042176545442861 -0.0320094836951296 -0.00807716237422704 -0.05862068965517233 0.014735432016075061
5 -0.03337689899793525 -0.042357908479493715 -0.0024954295047995866 -0.03003663003663006 -0.019141914191419338
6 -0.022342653272083478 -0.05520265874593645 0.010138301914613663 -0.06117824773413907 0.009421265141318956
7 0.043282549975157625 0.09803207671512223 -0.024635023140836626 0.12469831053901859 -0.009999999999999893
8 -0.00431460352852999 0.019703840149085182 -2.673259316496621e-4 -0.05579399141630909 0.01346801346801358
9 0.019666666666666728 -0.00491262019459871 0.014971287661309842 -0.02348484848484838 6.644518272424371e-4
10 -0.002615233736515124 0.018321425818509554 0.01237986303173954 0.03180760279286271 0.003984063745019833
11 -0.002949852507374634 0.0011850894203837262 0.0076752436187624415 0.035338345864661544 -0.021825396825396786
12 -0.01249174884944117 -0.04939205853868522 0.023237839184583692 0.021060275962236735 0.009465855307640388
13 0.06058588346917829 0.06893824174499644 -0.022710105407264727 0.04480796586059748 -0.0013395847287341366
14 0.007532862287104035 0.014508133008577648 -0.006454944570810077 0.01906058543226688 0.01341381623071764
15 0.010280436777597386 0.018371554748281137 -0.005327390921613535 0.04275217100868389 -0.005956320317670505
16 0.020968270120258887 0.009225102690141537 -0.004964140889713467 0.10313894939141591 0.01930758988015988
17 0.008154635815323823 0.007718890998566851 -0.011684377358130129 0.008130197916968488 -0.008491182233834053
18 -0.013181605357051972 -4.031546018629572e-4 0.007438855040367312 -0.031682141032134604 -0.005928853754940799
19 -0.009107468400348168 -0.011191772534785335 -0.007779483532673178 -0.04104687930082593 0.0013253810470510712
20 0.005821170521481899 0.02284080758641785 -0.007441833887042907 0.056451609401265 -0.009927200529450696
21 0.010660919240882144 0.003887937471596856 0.0021421340971444166 0.011156664054218312 -0.004010695187165687
22 0.0 0.014697150388197182 9.352037658037754e-4 -0.005807085122362755 -0.0020134228187921235
23 0.023206781193489925 0.026423928361714706 -0.010677990140896694 0.05432230991108012 -0.004707464694014729
24 -0.02974968984536977 -0.025934335219326973 0.013221734489136447 -0.0337949049193854 -0.0020270270270270944
25 0.008803916478564412 0.0026428738197778693 -0.0013315313270713242 -0.014908313365348938 0.004739336492891041
26 0.0051159193499849525 0.0016596504930196016 0.011866653333333348 0.021536612339930133 -0.01280323450134769
27 0.018562813259711878 0.016471764453640594 -0.008037949769903302 0.013675328414548696 0.017747440273037568
28 -0.007348618459729434 -0.014382970424940352 -0.0025239506180120114 -0.052276556926556646 0.002682763246143395
29 0.006218537163162358 -0.0035996010934954215 0.009588520952910757 0.03736648651444311 6.688963210703668e-4
30 0.019128928781636342 0.03153684888765564 -0.001846722117048175 0.044596912521440775 0.008021390374331595
31 0.0017325439869319613 0.01675339296254819 0.01665127571431932 -0.010946907498631498 -0.005968169761273298
32 -8.647737349315737e-4 0.0020480450949179525 -0.01234884960353579 0.04869955727725512 0.0020013342228151665
33 0.004039209463358345 0.014028270290117792 -0.007896893607650779 -0.02216358722091897 -0.005326231691078519
34 0.015229971702010828 0.00806227195488279 0.00875569151322723 -0.037776630449183536 -0.0026773761713519426
35 -0.009906651010096388 -0.0033626738467934982 3.945160389988343e-4 0.008412787436904243 -0.00805369127516794
36 -0.027444253859348018 -0.01887659971269008 0.013014302616011698 -0.04671863181312572 -0.00541271989174567
37 -0.007348618459729434 0.002044818367685449 0.009473176991258167 0.0023337807662649583 -0.0027210884353740155
38 -0.001480574474385553 0.0011130878603671534 -0.007584573755179731 -0.012805646100116494 -0.009549795361528059
39 0.02135225322205628 0.02603537477994996 -0.006476684189508504 0.028891629062006523 0.010330578512396696
40 0.0058072010977702135 0.0057792939458061595 -0.007170730397811908 0.03323782044482391 -0.010224948875255626
41 -0.0025981524999466677 -0.0048482763022520544 0.009848982013158578 0.019411978956629116 0.00275482093663921
42 0.02489149131379123 0.021833328106579983 0.004161235262386499 0.04461382179618176 0.0013736263736263056
43 0.010448997458345044 0.0037082641054519247 0.005438979468544904 0.008333332899305683 0.006858710562414268
44 0.008943516180646077 0.0036065798733285427 -0.005538382348511042 0.023243697146503223 6.811989100817665e-4
45 -0.009418283070264865 -0.007274906031200158 -0.017873293846305982 -0.0075718832696558686 -0.0013614703880191058
46 0.007270749847357375 0.01218432787949278 0.010945562153618206 0.010681637843336618 -6.816632583502851e-4
47 0.004997251526929418 0.0034892010074075715 -0.005739668367353536 -0.062405734151699165 0.0047748976807640295
48 0.011325966537956669 -0.0025208709794779347 0.010102295852764358 0.010198658625800204 0.004073319755600725
49 -0.008194482158031088 -6.971851851851366e-4 -0.02234057727862253 0.04357061636556851 -0.0027045300878972057
50 -0.004681960763371851 -0.0050580100297900246 -0.007572738444509424 0.0071284117682489405 0.0
51 0.010791367205073609 0.014199343122073483 -0.0180722764955397 -0.048028359553672406 -0.002711864406779639
52 -0.004379961795235617 -0.008210154768042075 0.01622362689089646 0.023898088157195907 -0.004078857919782484
53 0.0010998350591099172 -0.002875583777002606 0.004158800588156608 0.0010372406101016554 -0.004778156996587076
54 -0.007140840428453601 -0.01275888316001071 0.006813667516731271 -0.010362643023971056 -6.858710562413361e-4
55 -0.0248963195078107 -0.016464547964375055 0.011942688270399562 0.009424136125654336 -0.022649279341111942
56 -5.673758865249614e-4 -0.0041400323630632245 0.009834775509185089 -0.01452287269072235 0.008426966292134764
57 0.015611666193584962 0.029462285956397837 -0.007012089156938412 0.023684263157894896 0.002089136490250766
58 -8.384293135389763e-4 0.006320717888834519 0.01333852473730185 0.0030847813324019423 0.009034051424600372